Xval = [15.7902597925918	14.9210243032490
13.6396187673199	15.3299552127693
14.8658994255692	16.4738651394327
13.5846760525026	13.9893061065007
13.4640416653962	15.6353301123654
12.9488883804739	16.1400682821938
15.3108415536749	15.1748013659957
13.8979524089703	15.4316946888955
11.9209652482754	14.3057993712269
14.8593411857427	14.9006647394062
13.6350126848547	14.5620582985926
15.7598174090892	15.1334040926336
15.2219650020938	14.1849104415224
12.1056411141920	13.4265382155943
14.8084888948515	13.8707572461568
15.3613588677813	15.9901491690071
12.7291444179683	15.8265107034533
15.3853378855702	15.2103641585073
13.8181053393070	14.2993391516722
15.3788487973360	15.9022851351021
14.1123215304123	15.3161672892219
12.8241524053512	13.6971991962741
14.5835468290319	14.9967518093784
14.2948367022937	15.8465179550167
13.5112881011788	15.5909426983607
13.7143328444118	15.3548438182408
12.8578846673404	14.0023913390138
14.5699800763844	14.2243203482268
15.5904956894191	15.7214353270823
13.0999943019636	15.0900634990525
14.6146146535898	14.8549452482544
13.9275155748374	16.0942091321249
13.2896865119824	15.4217793490996
14.3283750961963	15.0110480059106
12.9936907211487	15.0292230315250
13.2173316230092	15.0207641144574
13.7287405185405	14.0364126158939
12.5966794596410	13.4656784977367
14.0308213432709	16.3108664625852
14.0607492746341	15.3297127445951
15.2696597867551	15.5767709094854
15.8819742253619	15.4617148698901
15.0718042538445	14.4157077911431
13.9847516901871	15.4719145746320
14.1618022625826	14.8151129394153
14.6868116524533	14.4135601975198
14.1191232604088	16.7663159448114
14.3195071501773	15.3806091689458
13.3091339239143	15.0432628540961
13.5517258112619	14.0184177594664
15.1713220757376	16.0140050692195
14.2806667075331	14.9944954062209
13.3365087130547	15.0416317791887
14.3768583206470	15.6787516858582
14.3256892756692	16.4696418889397
14.6249006100773	14.2341492588057
14.1692463537366	14.1067262941934
12.9720825076238	15.4892924748870
12.3737596870987	14.8811627493043
15.1544580796262	15.0582492043164
14.0932331434740	14.7715379279736
12.5948782418350	15.0396406487178
13.6153182491572	14.7214319363595
12.6703163969117	15.9864026124603
14.7038438329305	15.8878164539557
15.2784321043030	13.8933088895448
13.2713043479458	14.5071827255721
14.1366539696628	14.7804149367015
15.2942990860267	16.5067762446063
14.6696551742479	15.3534479164439
14.0310698031485	13.7296563389012
13.7741365097670	14.7603855728551
14.5521032228594	16.6440056841949
13.8856827272521	14.7998935239961
14.4342510904479	14.3389236357171
13.3858349626739	15.0647588963187
13.8262592560998	16.4491214492826
15.2055507098518	15.7606715234310
12.3713505460845	13.2148530464023
14.5498529067931	16.1159857088240
13.1046892601723	16.5620539247106
14.2203733971510	15.8306925105030
13.8045739640180	15.9034700104123
15.1852697687371	14.9541084279765
13.8593408883425	14.4071780128150
14.8104920179826	14.4686805283230
12.7991686014413	14.0473281166526
13.6966888432007	14.2866963543181
13.3206794977347	15.4925085347921
14.0886782904932	14.9326993510076
13.7674964345180	15.9129414345825
12.4985835916147	14.6875020629336
13.3553782867560	14.7376166193418
14.5672434842342	13.7488010150467
13.5531082833459	13.9064802710552
15.1125179133744	16.2861818290905
13.0464066367838	14.8164615637860
14.7450251417475	15.3158623871782
13.1397274699607	14.9298155294448
14.3508100009557	14.2632820266854
13.1345151866356	14.6557228603303
13.8745228100139	14.3273369011202
14.7657687590934	14.6395761511390
13.6194523675039	15.4520421622401
13.5419868327112	15.7752129642355
14.8815903333233	16.0322031834306
14.7499690076072	16.6060652436620
14.0748595014631	14.9937823775127
12.7844932422439	13.7919080971455
13.6132730543989	14.8037245878834
14.2190347603252	14.4838231867844
15.5859244005357	15.2078328909060
11.8487723604211	14.3774066986738
15.1429492960244	15.2641620175191
14.6081761054008	16.8079307560008
15.7282897609139	14.9334166271170
14.5512715241654	15.6350575813893
13.6451406333044	14.4663030762530
15.1879854120100	14.9420464304916
13.9000606002774	14.6683721273153
13.0224818545397	14.9435763012757
15.1468669823680	13.8643354869682
14.1354310554278	15.1352297541832
13.7335980044361	14.2811597862416
13.7743285126155	14.4248106905131
13.1141336833231	15.5302540291029
15.1506688564731	16.9932346296915
12.2805902108199	12.7568540441927
14.6988570956011	14.7323932381721
14.5534004238972	15.3783019388371
14.2735588083253	15.1860260276728
14.7017150477777	15.8630952414686
12.2514339199645	14.4036030613205
14.7487832424699	14.4798395404496
13.4630937752396	15.0527406054717
14.7633366550522	14.1475583468593
11.6223673806356	13.6230973714978
14.5505346464568	16.2180731183410
11.8416083074445	13.7213548673999
13.6940533726489	15.8148643400416
14.8525123114846	16.0106633961988
14.7561269960952	15.5163156648169
13.5268705230486	15.4871424660264
14.6189487579997	15.4065786680834
13.3664753648788	15.3587889572906
13.8704418147907	15.5204233458349
14.4877060462528	13.9706978562507
14.6461141055526	15.7433494787257
13.3434152701946	13.5780847750145
13.7750871602629	15.4373927730124
12.2986661712087	15.2220376315807
13.8572484083193	14.8105268486151
13.7148530687547	13.8497775173608
15.3918526533453	14.1352699352329
14.1234774504681	15.7145602452258
14.4991751911712	13.5940499734857
14.0703211665293	15.2540849718641
14.2252131910333	14.5931329282031
13.3995225125190	14.6004969858761
14.4748679710983	14.8146035122830
13.6006724096858	14.6092699305228
14.3237231732497	16.6350887314798
15.5973715382867	16.4521499597536
14.5819857352446	16.1785231861923
14.4355365499235	15.9104605090708
13.2362816736896	14.5202732698758
15.3463441445329	14.7394067816957
13.9383011150563	15.4449056900133
13.1951754369510	12.4675432947696
13.3207985283755	16.2237187711102
15.0339284153388	15.6746908099804
15.0119164546144	16.1685808773584
15.1062545573572	15.9622572677032
13.0953768160411	14.2522902072495
13.2922873274874	13.1223168497101
13.7043060594009	15.5332152542830
13.2457956009419	13.2219220698240
13.4871845308136	14.1321233359372
13.1715390620224	14.8298743453337
13.4471391733699	14.6628098964024
14.1104821826720	14.9866246378640
14.1840562990832	16.7690866348125
12.1376679044532	13.8901141753611
13.9506338208966	15.9254264880565
13.3370369794563	15.0981030659698
14.1068043009634	15.9782755422697
14.8808117164925	15.4543053767143
14.3638781671998	14.0567913344840
12.5780172382029	14.0703262589633
13.4160470157410	15.0982474974599
12.2951465479601	14.1559660299529
13.9708646402750	14.6312856912157
12.9627560607726	11.8653333926268
14.1215754481542	15.7385904692992
13.3423173138660	14.3819611399215
13.7088735723545	15.3650080218595
12.7075855492142	14.9325993284109
13.6086464398029	15.2245030267197
13.4022983099121	15.8476381449485
15.1574345223556	16.4628811874569
14.6770433562360	16.0101435771102
15.1681370259243	13.5638098559013
14.7496291844735	14.6669391201255
15.2446425247693	16.2901634786312
13.6357445218275	15.1791650339653
13.0076697144263	13.9424533648000
15.3419381417012	16.0350145264107
13.3631085876312	14.9171166293701
14.9114817989774	14.8453795835920
14.3544371984783	15.4477453071741
14.5992764205169	14.8412951243885
15.3261718140258	15.8543353670728
13.3580279607703	15.5472249799581
12.3782142289433	14.2563201158896
14.4491369692541	14.4532671774458
12.9859622423278	16.4855846773771
12.2544180595586	13.6995404842515
13.7849534386506	15.4404328314219
15.5351901445307	15.7765012264473
12.7143175966779	15.8338626048377
13.8436508673743	14.5249774760135
14.0141377429772	15.0580024006319
12.7511653240090	15.7576087857431
14.5392177218027	14.9135017876242
12.5286707517360	13.5524341042924
14.8223055710386	15.4093908675154
13.3517244772193	14.9914239090294
13.1039115663189	15.2123209464097
13.1646233095564	16.1477798035817
14.5292681145325	14.9019906499253
13.9018628674416	13.8393493924479
14.9896826675694	15.3369028620034
13.5802135348608	15.5949715711345
14.1210423871932	13.8207071304025
12.9693767048278	14.2221520690428
